4830.93 0.00
4668.56 0.00
4955.01 0.00
4588.20 0.00
4507.32 0.00
5069.70 0.00
5186.19 0.00
4272.36 0.00
5290.66 0.00
5367.00 0.00
4147.78 0.00
4084.20 0.00
5481.59 0.00
3917.98 0.00
5615.90 0.00
3803.35 0.00
5753.80 0.00
5817.56 0.00
3669.96 0.00
3531.75 0.00
6091.60 0.00
3379.88 0.00
6233.18 0.00
3218.86 0.00
6380.68 0.00
3104.49 0.00
6512.94 0.00
3020.91 0.00
6639.80 0.00
2897.80 0.00
2787.03 0.00
2695.03 0.00
6892.72 0.00
2568.84 0.00
6999.88 0.00
7095.77 0.00
2417.15 0.00
2342.16 0.00
7209.52 0.00
7306.32 0.00
2231.31 0.00
7392.42 0.00
2073.94 0.00
7439.00 0.00
1975.72 0.00
7587.96 0.00
1881.93 0.00
1784.18 0.00
7723.25 0.00
1668.23 0.00
7840.80 0.00
1582.46 0.00
7989.48 0.00
1384.25 0.00
8189.77 0.00
1255.27 0.00
1227.43 0.00
8338.46 0.00
1192.67 0.00
1132.73 0.00
8510.12 0.00
1030.41 0.00
8612.21 0.00
865.90 0.00
8760.61 0.00
774.17 0.00
8862.30 0.00
663.18 0.00
9025.93 0.00
556.11 0.00
9151.79 0.00
511.22 0.00
9280.41 0.00
404.17 0.00
325.84 0.00
9426.12 0.00
240.34 0.00
185.88 0.00
9580.61 0.00
98.24 0.00
9725.14 0.00
55.44 0.00
0.00 0.00
20.57 0.00
9851.60 0.00
22.74 0.00
10053.91 0.00
10141.61 0.00
10246.21 0.00
10372.31 0.00
10514.52 0.00
10630.57 0.00
10656.06 0.00
10791.97 0.00
10899.04 0.00
10991.55 0.00
11124.68 0.00
11176.88 0.00
11244.93 0.00
11341.71 0.00
11407.68 0.00
11519.64 0.00
11636.92 0.00
11827.92 0.00
11989.60 0.00
12127.23 0.00
12233.65 0.00
12420.66 0.00
12596.18 0.00
12738.02 0.00
12924.91 0.00
13032.72 0.00
13196.73 0.00
13295.51 0.00
13397.38 0.00
13504.53 0.00
13602.63 0.00
13723.36 0.00
13878.15 0.00
13965.72 0.00
14041.28 0.00
14111.16 0.00
14228.00 0.00
14308.53 0.00
14410.18 0.00
14533.66 0.00
14634.20 0.00
14739.00 0.00
