18343.97 0.00
18334.11 0.00
18389.99 0.00
18307.50 0.00
18410.22 0.00
18267.02 0.00
18441.25 0.00
18191.82 0.00
18443.16 0.00
18101.87 0.00
18020.72 0.00
18526.02 0.00
17887.97 0.00
18552.35 0.00
18885.38 0.00
18730.41 0.00
17776.82 0.00
17677.34 0.00
17591.24 0.00
17507.78 0.00
19427.70 0.00
17368.86 0.00
19598.49 0.00
17294.14 0.00
19757.73 0.00
17198.04 0.00
19927.15 0.00
17051.21 0.00
16957.70 0.00
20080.92 0.00
16888.73 0.00
20228.35 0.00
16777.66 0.00
20365.36 0.00
16578.08 0.00
20496.36 0.00
16463.69 0.00
20654.23 0.00
16301.07 0.00
20895.85 0.00
16210.87 0.00
16116.89 0.00
21150.23 0.00
16026.64 0.00
21280.60 0.00
15978.25 0.00
21395.44 0.00
15913.95 0.00
21538.77 0.00
15828.00 0.00
15803.42 0.00
21670.68 0.00
15717.73 0.00
21782.57 0.00
15543.88 0.00
15465.50 0.00
21917.91 0.00
15303.47 0.00
15157.41 0.00
21997.07 0.00
14998.87 0.00
14928.88 0.00
14846.42 0.00
14811.33 0.00
22101.71 0.00
14739.00 0.00
14634.20 0.00
22211.42 0.00
14533.66 0.00
14410.18 0.00
22318.43 0.00
14228.00 0.00
22381.63 0.00
14111.16 0.00
22485.88 0.00
13965.72 0.00
13878.15 0.00
22581.01 0.00
13723.36 0.00
22641.96 0.00
13602.63 0.00
22684.81 0.00
13504.53 0.00
22847.59 0.00
13397.38 0.00
13295.51 0.00
22960.79 0.00
13196.73 0.00
23075.55 0.00
23190.42 0.00
13032.72 0.00
12924.91 0.00
23313.80 0.00
23437.72 0.00
12738.02 0.00
12596.18 0.00
23583.48 0.00
12420.66 0.00
23743.30 0.00
23870.54 0.00
12233.65 0.00
12127.23 0.00
24036.18 0.00
11989.60 0.00
24172.16 0.00
11827.92 0.00
24393.25 0.00
11636.92 0.00
24502.05 0.00
11519.64 0.00
24612.93 0.00
11407.68 0.00
24779.08 0.00
11341.71 0.00
11244.93 0.00
24928.98 0.00
11176.88 0.00
11124.68 0.00
25114.27 0.00
10991.55 0.00
10899.04 0.00
25269.95 0.00
10791.97 0.00
25361.50 0.00
10656.06 0.00
25493.46 0.00
10630.57 0.00
10514.52 0.00
25621.08 0.00
25758.99 0.00
10372.31 0.00
26134.82 0.00
25927.61 0.00
10246.21 0.00
26244.76 0.00
26341.22 0.00
26068.95 0.00
10141.61 0.00
26265.98 0.00
26440.74 0.00
26166.29 0.00
10053.91 0.00
26551.13 0.00
26315.34 0.00
26282.96 0.00
26706.97 0.00
9851.60 0.00
26871.56 0.00
9725.14 0.00
26918.65 0.00
9580.61 0.00
26997.61 0.00
9426.12 0.00
27145.69 0.00
9280.41 0.00
27285.14 0.00
9151.79 0.00
27464.98 0.00
9025.93 0.00
27639.40 0.00
8862.30 0.00
27722.20 0.00
8760.61 0.00
27807.20 0.00
8612.21 0.00
27957.05 0.00
8510.12 0.00
28124.31 0.00
