29662.91 0.00
29782.59 0.00
29545.16 0.00
29367.13 0.00
29210.13 0.00
29142.48 0.00
29087.72 0.00
29072.29 0.00
29029.31 0.00
28990.23 0.00
28938.27 0.00
28902.79 0.00
28765.06 0.00
28678.91 0.00
28528.24 0.00
28406.71 0.00
28271.22 0.00
28124.31 0.00
27957.05 0.00
27807.20 0.00
27722.20 0.00
27639.40 0.00
27464.98 0.00
27285.14 0.00
27145.69 0.00
26997.61 0.00
26918.65 0.00
26871.56 0.00
26706.97 0.00
26551.13 0.00
26440.74 0.00
26341.22 0.00
26244.76 0.00
26265.98 0.00
26315.34 0.00
26134.82 0.00
26282.96 0.00
26166.29 0.00
26068.95 0.00
25927.61 0.00
25758.99 0.00
25621.08 0.00
25493.46 0.00
25361.50 0.00
25269.95 0.00
25114.27 0.00
24928.98 0.00
24779.08 0.00
24612.93 0.00
24502.05 0.00
24393.25 0.00
24172.16 0.00
24036.18 0.00
23870.54 0.00
23743.30 0.00
23583.48 0.00
23437.72 0.00
23313.80 0.00
23190.42 0.00
23075.55 0.00
22960.79 0.00
22847.59 0.00
22684.81 0.00
22641.96 0.00
22581.01 0.00
22485.88 0.00
22381.63 0.00
22318.43 0.00
22211.42 0.00
22101.71 0.00
21997.07 0.00
21917.91 0.00
21782.57 0.00
21670.68 0.00
21538.77 0.00
21395.44 0.00
21280.60 0.00
21150.23 0.00
20895.85 0.00
20654.23 0.00
20496.36 0.00
20365.36 0.00
20228.35 0.00
20080.92 0.00
19927.15 0.00
