81
147.69 0.00
159.20 0.00
161.30 0.00
547.67 0.00
717.80 0.00
1268.35 0.00
1434.50 0.00
1440.88 0.00
1744.70 0.00
2051.06 0.00
2283.97 0.00
2297.61 0.00
2432.66 0.00
3457.44 0.00
3804.14 0.00
3930.76 0.00
3960.40 0.00
4145.65 0.00
4740.01 0.00
4770.96 0.00
5141.26 0.00
5993.36 0.00
6246.06 0.00
6749.55 0.00
7163.55 0.00
7365.49 0.00
7380.19 0.00
8064.55 0.00
8298.00 0.00
8345.33 0.00
8701.28 0.00
9002.03 0.00
9607.61 0.00
9612.15 0.00
9908.70 0.00
10175.39 0.00
10746.20 0.00
11434.21 0.00
11529.77 0.00
11649.53 0.00
12106.97 0.00
12334.83 0.00
12509.60 0.00
12817.92 0.00
13077.46 0.00
13419.19 0.00
13713.67 0.00
14022.94 0.00
14268.11 0.00
14608.06 0.00
14823.86 0.00
15027.68 0.00
15400.28 0.00
15742.99 0.00
15901.45 0.00
16308.66 0.00
16539.36 0.00
16730.54 0.00
17083.70 0.00
18226.77 0.00
18368.17 0.00
21323.43 0.00
21862.86 0.00
22300.07 0.00
22523.82 0.00
22793.09 0.00
23333.79 0.00
24142.25 0.00
25164.26 0.00
25374.97 0.00
25775.92 0.00
26155.13 0.00
26412.46 0.00
27373.52 0.00
27870.80 0.00
28143.78 0.00
28518.70 0.00
28823.01 0.00
29600.91 0.00
29683.22 0.00
29734.89 0.00
